577
669
761
853
942
1034
1126
1218
1308
1400
1492
1584
1673
1765
1857
1949
2038
2130
2222
2314
2403
2495
2587
2679
2769
2861
2953
3045
3134
3226
3318
3410
3499
3591
3683
3775
3864
3956
4048
4140
4230
4322
4414
4506
4595
4687
4779
4871
4960
5052
5144
5236
5325
5417
5509
5601
5691
5783
5875
5967
6056
6148
6240
6332
6421
6513
6605
6697
6786
6878
6970
7062
7152
7244
7336
7428
7517
7609
7701
7793
7882
7974
8066
8158
8247
8339
8431
8523
8613
8705
8797
8889
8978
9070
9162
9254
9343
9435
9527
9619
9708
9800
9892
9984
10074
10166
10258
10350
10439
10531
10623
10715
10804
10896